2 695
5 153
8 308
9 976
10 997
12 251
13 619
14 97
15 984
17 355
18 686
20 478
21 587
22 230
25 473
27 635
28 92
29 992
33 972
34 796
35 550
36 875
37 216
39 776
41 215
42 141
43 912
47 280
48 138
51 907
52 216
54 904
55 273
58 812
60 164
62 83
68 247
69 369
70 376
71 395
72 591
75 290
77 59
78 569
80 155
81 354
82 875
83 531
84 254
86 946
88 201
89 721
90 880
91 731
92 28
93 558
94 301
95 956
98 953
101 18
103 642
104 421
106 842
108 907
109 694
110 948
113 94
114 757
118 963
120 763
123 195
125 18
126 350
128 419
129 352
133 97
134 26
136 291
137 221
138 624
139 201
140 903
141 587
143 772
145 987
146 240
149 898
151 178
154 31
155 599
156 954
157 594
158 823
159 517
160 138
162 12
165 781
167 186
169 406
170 14
171 169
175 883
177 774
178 989
181 914
184 626
185 857
186 721
187 930
188 860
190 192
191 610
192 541
193 32
194 812
195 585
196 963
197 606
199 221
201 139
202 794
203 64
204 22
205 206
206 801
207 215
208 908
209 350
210 358
213 467
216 538
217 14
218 155
219 201
223 236
226 229
228 928
229 713
230 932
231 315
233 453
234 51
236 211
238 569
239 169
240 642
243 742
244 38
247 6
249 836
250 1000
251 645
252 619
253 971
254 29
255 233
256 856
257 445
259 254
261 972
263 555
264 454
267 679
268 50
270 311
271 83
273 677
274 753
275 781
278 663
285 472
287 290
288 48
289 76
292 170
293 465
294 131
299 398
300 339
302 549
303 394
304 236
306 790
307 211
308 403
309 717
310 127
311 755
312 216
316 987
318 405
319 690
320 185
325 574
327 88
328 781
331 158
333 255
334 813
337 20
345 282
346 740
347 23
348 18
354 23
355 677
356 155
357 488
360 361
361 989
362 516
363 955
364 1000
367 761
369 448
370 224
371 207
372 137
374 178
376 837
380 207
381 14
383 757
386 227
387 955
388 693
389 534
390 832
392 250
394 859
395 859
396 606
402 12
405 695
406 520
408 514
411 11
414 857
415 533
416 637
417 377
419 873
421 250
422 656
424 407
425 595
426 309
429 696
430 6
432 138
433 721
434 309
440 508
442 452
443 665
444 721
446 438
448 432
450 878
453 520
454 255
455 55
456 143
457 35
460 625
461 60
463 749
464 206
465 96
468 648
470 392
471 70
473 139
474 13
475 280
476 87
477 353
479 748
480 827
481 791
483 71
484 642
485 367
486 530
489 462
490 603
491 559
492 862
493 297
495 590
496 266
498 363
499 486
500 274
505 953
507 817
508 610
511 317
512 148
515 571
516 41
517 197
522 434
525 743
527 483
528 246
529 409
531 879
532 882
534 409
535 803
536 219
537 361
538 763
541 509
542 763
543 953
545 530
546 953
549 281
551 768
559 887
560 455
563 844
566 354
571 440
574 696
575 887
577 132
578 64
580 277
581 219
584 100
586 619
588 726
589 88
590 80
591 587
592 739
594 767
595 142
596 893
597 468
598 589
600 467
601 335
603 592
604 138
605 792
609 789
611 535
613 444
617 189
618 812
619 567
621 236
622 473
623 331
626 184
627 262
630 490
631 922
632 693
633 750
634 982
636 757
638 416
639 863
642 335
644 180
645 338
646 717
648 282
651 82
652 134
653 104
657 652
659 454
661 376
663 35
664 667
665 717
666 801
668 957
671 223
673 853
675 474
676 878
677 209
679 495
681 386
685 592
686 375
689 362
690 952
692 100
693 696
694 233
695 405
696 632
697 331
699 46
703 37
705 454
706 159
708 418
710 648
711 139
712 839
713 33
715 955
716 741
718 585
719 587
720 828
721 587
723 375
724 748
726 972
728 641
730 726
732 582
733 395
734 284
735 399
737 85
745 592
748 18
750 833
752 350
753 274
754 603
755 886
758 354
759 246
761 856
763 550
765 658
766 56
767 486
769 14
770 459
772 587
773 346
778 74
779 169
780 889
781 796
783 725
784 298
786 173
789 346
790 221
791 763
792 60
793 558
794 658
795 192
797 443
798 717
799 945
800 766
803 69
804 84
805 26
806 434
807 953
809 615
811 763
812 828
813 546
815 935
816 115
818 646
822 201
823 478
826 963
827 757
828 777
829 481
831 185
833 411
834 58
836 229
837 300
839 955
840 26
841 556
842 66
844 359
846 1000
847 851
849 277
854 288
855 299
856 929
857 683
860 319
861 438
862 714
863 20
864 504
867 332
869 520
871 968
872 989
873 625
874 510
875 49
877 11
879 531
882 471
883 175
885 923
886 705
887 526
890 267
892 538
894 998
896 555
897 948
898 119
900 790
903 161
904 823
907 717
913 569
914 905
915 255
916 902
921 715
922 631
925 491
927 984
929 491
930 760
931 818
933 26
934 55
937 332
938 789
939 866
942 429
944 425
947 772
948 667
950 665
951 929
952 28
953 975
955 829
956 162
957 946
960 71
961 228
962 757
967 587
970 717
971 772
976 49
977 934
978 775
981 169
982 221
983 679
985 812
986 526
987 308
991 945
992 703
994 192
996 606
997 418
998 33
999 24
1000 395
1001 192