2 695
5 646
8 308
9 36
10 997
13 619
14 316
15 984
17 355
18 686
20 478
21 587
22 230
23 959
25 473
27 262
28 92
29 992
32 549
33 972
35 550
36 875
37 216
39 776
41 215
42 587
43 912
47 280
48 138
51 236
52 216
54 904
55 356
58 812
60 164
62 839
69 369
70 88
71 395
72 591
73 549
75 290
77 59
78 569
79 440
80 155
82 875
83 531
84 254
86 946
88 201
89 721
90 880
91 731
92 28
93 35
94 301
95 956
98 953
101 18
103 642
104 421
106 842
108 938
109 342
110 948
113 94
114 757
118 963
120 763
123 195
125 18
126 350
128 419
129 147
133 13
134 26
136 291
137 221
138 624
139 201
140 903
141 721
143 772
145 619
149 898
151 178
153 331
154 53
155 599
156 954
157 824
158 931
159 517
160 138
162 12
165 781
166 215
169 406
170 14
171 169
175 883
177 774
178 440
181 914
184 626
185 857
186 21
187 930
190 192
191 610
192 541
193 32
194 812
195 851
196 963
197 606
199 564
201 139
202 569
203 64
204 713
205 666
206 801
207 380
208 908
209 350
210 358
213 467
216 538
217 14
218 155
219 201
220 105
223 236
228 928
229 713
230 932
231 315
233 453
234 51
235 635
236 420
238 569
239 125
240 642
247 6
249 836
250 1000
251 229
252 619
253 971
254 29
255 233
256 856
257 115
259 254
261 972
263 555
267 679
268 50
271 83
273 677
274 753
275 230
278 663
281 154
285 472
286 33
287 290
288 466
293 465
294 131
299 398
300 29
302 549
303 62
304 51
306 790
307 329
308 372
309 717
310 673
311 755
312 216
316 987
318 695
319 690
325 574
327 963
328 781
331 158
333 176
334 701
337 20
345 282
346 740
347 717
348 18
354 23
355 677
356 218
360 361
361 989
362 516
363 955
364 1000
367 761
369 448
370 224
371 207
372 137
374 178
376 837
380 305
381 957
383 600
386 493
387 955
389 534
390 832
392 250
393 606
394 859
395 611
396 606
402 12
405 695
406 520
408 631
411 11
412 14
413 969
414 56
415 533
416 637
417 377
419 873
420 674
421 299
422 656
424 407
425 192
426 309
430 6
432 138
433 721
434 309
435 210
437 962
440 508
442 452
443 665
444 719
448 432
450 878
453 520
454 255
455 55
456 971
460 625
461 630
462 651
463 284
464 386
465 96
468 648
470 392
471 339
473 139
474 134
475 280
476 87
477 353
479 748
480 827
481 791
482 425
483 71
485 367
486 530
489 462
490 603
491 559
492 862
493 297
495 590
496 266
498 363
499 486
500 43
505 851
506 251
507 817
508 610
511 317
512 545
515 679
516 41
517 197
522 453
525 743
527 483
528 246
529 409
531 712
532 882
534 409
535 803
536 791
537 361
538 763
541 509
542 7
543 953
546 953
549 281
551 768
559 887
560 455
563 844
566 354
567 137
571 440
574 696
575 887
577 132
578 64
580 277
581 219
584 100
586 619
588 726
589 88
590 80
591 141
592 739
593 346
594 767
595 142
596 893
597 468
598 589
600 467
601 455
603 592
604 624
611 803
613 444
617 189
618 812
619 567
621 236
622 53
623 331
626 184
627 262
630 490
631 922
632 693
633 750
634 982
636 639
638 416
639 863
642 335
646 717
648 282
651 963
652 134
653 104
655 972
657 652
659 454
660 270
661 376
663 35
664 667
665 717
666 7
668 562
671 192
673 853
676 878
677 383
679 188
681 386
685 592
686 375
687 250
689 362
690 952
692 100
693 696
694 176
695 405
696 632
699 46
705 454
706 159
708 418
710 648
711 139
712 83
713 33
715 955
716 741
718 585
719 587
720 828
723 375
724 748
725 783
726 972
728 641
730 386
732 582
733 395
734 284
735 399
737 85
740 209
745 592
748 18
752 350
754 603
758 354
759 246
761 856
763 550
765 658
766 56
767 486
769 14
770 459
772 587
773 346
778 595
779 169
780 703
781 796
784 298
786 173
789 346
790 221
791 595
792 60
793 837
794 206
795 192
797 443
798 717
799 945
800 735
803 271
804 84
805 26
806 434
809 615
811 162
812 828
813 546
816 115
818 646
822 201
823 478
826 963
827 430
828 777
830 554
833 767
834 58
836 229
837 595
839 955
840 26
841 556
842 66
844 359
846 1000
847 851
849 277
855 299
856 929
857 683
860 319
861 438
862 714
863 20
864 927
867 937
869 520
871 968
872 989
873 625
874 510
875 49
877 411
879 531
880 28
882 471
883 175
885 923
886 705
887 526
890 267
894 618
896 555
897 948
898 119
900 790
903 380
904 823
907 717
913 569
914 905
915 255
916 902
921 715
922 299
925 491
927 984
929 491
930 760
931 818
933 959
934 55
935 410
937 332
938 789
939 866
942 837
947 971
948 664
950 81
951 929
952 28
953 975
956 673
957 946
958 886
960 387
961 144
962 757
967 587
970 717
971 772
976 49
977 934
978 510
981 454
982 221
983 679
985 894
986 526
987 308
991 945
992 703
994 192
996 606
997 879
998 33
999 24
1000 395
1001 192